camera 10 5 5 10 5 0 0 1 0
screen 90 2 5 20

frame 20 10

# Мухомор (зелёные прямоугольники)
model 5 7.5 0.0 10 15 0.0

# Шляпка (контур)
color 255 0 0
thickness 2
path 10
0.5 6 0.0
0.5 7.5 0.0
1.5 8.5 0.0
4 14 0.0
4.5 14.5 0.0
5.5 14.5 0.0
6 14 0.0
8.5 8.5 0.0
9.5 7.5 0.0
9.5 6 0.0

path 4
9.5 6 0.0
8.5 5 0.0
7 4.5 0.0
6 4.5 0.0

path 4
4 4.5 0.0
3 4.5 0.0
1.5 5 0.0
0.5 6 0.0

# Шляпка (внутренность)
color 245 245 220 # бежевый
thickness 1
path 9
1 6.5 0.0
2 7.5 0.0
3.5 8 0.0
6.5 8 0.0
8 7.5 0.0
9 6.5 0.0
8 5.5 0.0
7 5 0.0
6.25 5 0.0

path 4
3.75 5 0.0
3 5 0.0
2 5.5 0.0
1 6.5 0.0

# Ножка
color 255 228 196 # светло-коричневый
thickness 2
path 12
5 0.5 0.0
4 1 0.0
3.5 2 0.0
4 4.5 0.0
3.5 6 0.0
4.5 6.5 0.0
5.5 6.5 0.0
6.5 6 0.0
6 4.5 0.0
6.5 2 0.0
6 1 0.0
5 0.5 0.0

# Пластинки
color 100 100 100 # тёмно-серый
thickness 1
path 2
3.5 6 0.0
1.5 7 0.0
path 2
4 6.25 0.0
3 7.75 0.0
path 2
4.5 6.5 0.0
4 8 0.0
path 2
5 6.5 0.0
5 8 0.0
path 2
5.5 6.5 0.0
6 8 0.0
path 2
6 6.25 0.0
7 7.75 0.0
path 2
6.5 6 0.0
8.5 7 0.0

# Пятна
color 255 255 255 # белый
thickness 2
# левое маленькое пятно
path 3
0.5 6.5 0.0
1 7 0.0
0.5 7.5 0.0
# левое большое пятно
path 5
1 8 0.0
2 8 0.0
2.5 8.5 0.0
2.5 9 0.0
2 9.5 0.0
# левое нижнее пятно
path 6
3.5 8 0.0
3 8.5 0.0
3.5 9 0.0
4 9 0.0
4.5 8.5 0.0
4 8 0.0
# левое среднее пятно
path 9
3.5 9.5 0.0
3 10 0.0
3 10.5 0.0
3.5 11 0.0
4 11 0.0
4.5 10.5 0.0
4.5 10 0.0
4 9.5 0.0
3.5 9.5 0.0
# левое верхнее пятно
path 7
3.5 13 0.0
4 12.5 0.0
4.5 12.5 0.0
5 13 0.0
5 13.5 0.0
4.5 14 0.0
4 14 0.0
# правое верхнее пятно
path 9
5.5 11 0.0
5 11.5 0.0
5 12 0.0
5.5 12.5 0.0
6 12.5 0.0
6.5 12 0.0
6.5 11.5 0.0
6 11 0.0
5.5 11 0.0
# правое большое пятно
path 9
6 8.5 0.0
5.5 9 0.0
5.5 10 0.0
6 10.5 0.0
7 10.5 0.0
7.5 10 0.0
7.5 9 0.0
7 8.5 0.0
6 8.5 0.0
# правое маленькое пятно
path 4
9.5 7.5 0.0
8.5 7.5 0.0
8 8 0.0
8.5 8.5 0.0

# Трава
color 0 128 0 # зелёный
thickness 1
# левая часть
path 2
5 0.5 0.0
2 0.5 0.0
path 2
2 0.5 0.0
1 1.5 0.0
path 2
1 1.5 0.0
2.5 1.5 0.0
path 2
2.5 1.5 0.0
1.5 2.5 0.0
path 2
1.5 2.5 0.0
2.5 2 0.0
path 2
2.5 2 0.0
2.5 3 0.0
path 2
2.5 3 0.0
3 2 0.0
path 2
3 2 0.0
3 4 0.0
path 2
3 4 0.0
3.5 2 0.0
# правая часть
path 2
5 0.5 0.0
8 0.5 0.0
path 2
8 0.5 0.0
9 1.5 0.0
path 2
9 1.5 0.0
7.5 1.5 0.0
path 2
7.5 1.5 0.0
8.5 2.5 0.0
path 2
8.5 2.5 0.0
7.5 2 0.0
path 2
7.5 2 0.0
7.5 3 0.0
path 2
7.5 3 0.0
7 2 0.0
path 2
7 2 0.0
7 4 0.0
path 2
7 4 0.0
6.5 2 0.0

pushTransform
rotate 90 0.0 0.0 1.0
scale 0.75
pushTransform

translate 7 0 0.0
pushTransform
translate 10 9 0.0
figure

popTransform
rotate -90 0.0 0.0 1.0
pushTransform
translate 10 9 0.0
figure

popTransform
rotate -90 0.0 0.0 1.0
pushTransform
translate 10 9 0.0
figure

popTransform
popTransform

scale 2

translate 10 8 0.0
figure
popTransform

# Заяц (синие прямоугольники)
model 4.25 4.25 0.0 8.5 8.5 0.0

# голова
color 255 0 0 # цвет красный
thickness 2   # толщина 2
path 23       # 23 точки (22 отрезка)
0.5 3. 0.0
1. 4.5 0.0
0.5 6. 0.0
0.5  7.5 0.0
1. 8. 0.0
1.5 8. 0.0
2. 7.5 0.0
1.5  6. 0.0
1.5 4.5 0.0
3. 4.5 0.0
3. 6. 0.0
2.5 7.5 0.0
3. 8. 0.0
3.5 8. 0.0
4. 7.5 0.0
4. 6. 0.0
3.5 4.5 0.0
4. 3. 0.0
3.5 1.5 0.0
2.5 1. 0.0
2. 1. 0.0
1. 1.5 0.0
0.5 3. 0.0

# туловище
color 120 120 120 # цвет серый
thickness 3     # толщина 3
path 22         # 22 точки (21 отрезок)
4. 3. 0.0
5.5 3.5 0.0
7. 3.5 0.0
7.5 2.5 0.0
8. 2.5 0.0
8. 2. 0.0
7.5 2. 0.0
7.5 0.5 0.0
6.5 0.5 0.0
6.5 1. 0.0
6. 1. 0.0
6. 0.5 0.0
5. 0.5 0.0
5. 1. 0.0
4. 1. 0.0
4. 0.5 0.0
3. 0.5 0.0
3. 1. 0.0
2.5 1. 0.0
2.5 0.5 0.0
1.5 0.5 0.0
1.5 1.25 0.0

# глаза
color 0 255 0 # цвет зеленый
thickness 4   # толщина 4

# левый глаз
path 5
1.5 3.5 0.0
1.5 3. 0.0
2.  3. 0.0
2. 3.5 0.0
1.5 3.5 0.0

# правый глаз
path 5
2.5 3.5 0.0
2.5 3. 0.0
3. 3. 0.0
3. 3.5 0.0
2.5 3.5 0.0

# ушные раковины
color 0 0 0 # цвет черный
thickness 2   # толщина 2

# левая ушная раковина
path 2
1. 5.5 0.0
1. 7. 0.0

# правая ушная раковина
path 2
3.5 5.5 0.0
3.5 7. 0.0

# нос
color 0 0 255 # цвет синий
thickness 3   # толщина 3
path 4
2. 2.5 0.0
2.5 2.5 0.0
2.25 2. 0.0
2. 2.5 0.0

pushTransform
rotate 90 0.0 0.0 1.0
scale 0.5
pushTransform

translate 7 0 0.0

rotate -30 0.0 0.0 1.0
pushTransform
translate 10 9 0.0
figure

popTransform
rotate -30 0.0 0.0 1.0
pushTransform
translate 10 9 0.0
figure

popTransform
rotate -60 0.0 0.0 1.0
pushTransform
translate 10 9 0.0
figure

popTransform
rotate -30 0.0 0.0 1.0
pushTransform
translate 10 9 0.0
figure
